Backscattered Energy
Energy (KeV)	Hits (Normalized)
0	0
0.01	0
0.02	0
0.03	0
0.04	0
0.05	0
0.06	1.43386e-005
0.07	0
0.08	1.43386e-005
0.09	1.43386e-005
0.1	0
0.11	0
0.12	0
0.13	1.43386e-005
0.14	1.43386e-005
0.15	0
0.16	1.43386e-005
0.17	0
0.18	0
0.19	4.30157e-005
0.2	0
0.21	1.43386e-005
0.22	4.30157e-005
0.23	1.43386e-005
0.24	0
0.25	0
0.26	1.43386e-005
0.27	0
0.28	0
0.29	1.43386e-005
0.3	0
0.31	1.43386e-005
0.32	1.43386e-005
0.33	0
0.34	0
0.35	0
0.36	4.30157e-005
0.37	2.86771e-005
0.38	0
0.39	1.43386e-005
0.4	1.43386e-005
0.41	1.43386e-005
0.42	0
0.43	0
0.44	1.43386e-005
0.45	2.86771e-005
0.46	0
0.47	2.86771e-005
0.48	0
0.49	0
0.5	1.43386e-005
0.51	2.86771e-005
0.52	2.86771e-005
0.53	0
0.54	0
0.55	0
0.56	0
0.57	0
0.58	5.73542e-005
0.59	1.43386e-005
0.6	4.30157e-005
0.61	2.86771e-005
0.62	5.73542e-005
0.63	1.43386e-005
0.64	2.86771e-005
0.65	1.43386e-005
0.66	1.43386e-005
0.67	4.30157e-005
0.68	0
0.69	1.43386e-005
0.7	2.86771e-005
0.71	0
0.72	2.86771e-005
0.73	4.30157e-005
0.74	4.30157e-005
0.75	0
0.76	4.30157e-005
0.77	1.43386e-005
0.78	1.43386e-005
0.79	1.43386e-005
0.8	4.30157e-005
0.81	0
0.82	1.43386e-005
0.83	1.43386e-005
0.84	4.30157e-005
0.85	1.43386e-005
0.86	8.60314e-005
0.87	2.86771e-005
0.88	2.86771e-005
0.89	4.30157e-005
0.9	0
0.91	4.30157e-005
0.92	2.86771e-005
0.93	2.86771e-005
0.94	4.30157e-005
0.95	2.86771e-005
0.96	1.43386e-005
0.97	0
0.98	1.43386e-005
0.99	5.73542e-005
1	4.30157e-005
1.01	2.86771e-005
1.02	4.30157e-005
1.03	5.73542e-005
1.04	1.43386e-005
1.05	5.73542e-005
1.06	7.16928e-005
1.07	8.60314e-005
1.08	4.30157e-005
1.09	5.73542e-005
1.1	7.16928e-005
1.11	5.73542e-005
1.12	4.30157e-005
1.13	5.73542e-005
1.14	5.73542e-005
1.15	2.86771e-005
1.16	1.43386e-005
1.17	1.43386e-005
1.18	2.86771e-005
1.19	7.16928e-005
1.2	5.73542e-005
1.21	2.86771e-005
1.22	5.73542e-005
1.23	5.73542e-005
1.24	5.73542e-005
1.25	2.86771e-005
1.26	5.73542e-005
1.27	1.43386e-005
1.28	4.30157e-005
1.29	4.30157e-005
1.3	5.73542e-005
1.31	5.73542e-005
1.32	8.60314e-005
1.33	2.86771e-005
1.34	5.73542e-005
1.35	7.16928e-005
1.36	8.60314e-005
1.37	0
1.38	1.43386e-005
1.39	7.16928e-005
1.4	4.30157e-005
1.41	5.73542e-005
1.42	4.30157e-005
1.43	7.16928e-005
1.44	1.43386e-005
1.45	2.86771e-005
1.46	8.60314e-005
1.47	7.16928e-005
1.48	5.73542e-005
1.49	5.73542e-005
1.5	8.60314e-005
1.51	8.60314e-005
1.52	4.30157e-005
1.53	2.86771e-005
1.54	7.16928e-005
1.55	7.16928e-005
1.56	4.30157e-005
1.57	5.73542e-005
1.58	0.000114708
1.59	2.86771e-005
1.6	2.86771e-005
1.61	0.000114708
1.62	7.16928e-005
1.63	4.30157e-005
1.64	7.16928e-005
1.65	7.16928e-005
1.66	8.60314e-005
1.67	7.16928e-005
1.68	4.30157e-005
1.69	0
1.7	8.60314e-005
1.71	7.16928e-005
1.72	7.16928e-005
1.73	4.30157e-005
1.74	4.30157e-005
1.75	0.000172063
1.76	0.000129047
1.77	5.73542e-005
1.78	7.16928e-005
1.79	8.60314e-005
1.8	0.00010037
1.81	0.00010037
1.82	5.73542e-005
1.83	5.73542e-005
1.84	0.000114708
1.85	4.30157e-005
1.86	8.60314e-005
1.87	8.60314e-005
1.88	7.16928e-005
1.89	7.16928e-005
1.9	4.30157e-005
1.91	0.000143386
1.92	0.000157724
1.93	8.60314e-005
1.94	0.00010037
1.95	0.000143386
1.96	5.73542e-005
1.97	8.60314e-005
1.98	4.30157e-005
1.99	4.30157e-005
2	0.00010037
2.01	5.73542e-005
2.02	8.60314e-005
2.03	0.000114708
2.04	7.16928e-005
2.05	0.000114708
2.06	7.16928e-005
2.07	8.60314e-005
2.08	7.16928e-005
2.09	0.000215078
2.1	0.00010037
2.11	8.60314e-005
2.12	7.16928e-005
2.13	4.30157e-005
2.14	7.16928e-005
2.15	0.000114708
2.16	0.000143386
2.17	0.000114708
2.18	0.000229417
2.19	0.000129047
2.2	8.60314e-005
2.21	0.000114708
2.22	0.000143386
2.23	0.000129047
2.24	8.60314e-005
2.25	0.000157724
2.26	8.60314e-005
2.27	0.000143386
2.28	0.000129047
2.29	0.000143386
2.3	7.16928e-005
2.31	5.73542e-005
2.32	0.000114708
2.33	7.16928e-005
2.34	0.000129047
2.35	0.00010037
2.36	7.16928e-005
2.37	0.000114708
2.38	0.000129047
2.39	2.86771e-005
2.4	8.60314e-005
2.41	0.000129047
2.42	0.00020074
2.43	0.000157724
2.44	0.000114708
2.45	0.00020074
2.46	0.00010037
2.47	0.00010037
2.48	0.00010037
2.49	7.16928e-005
2.5	0.000129047
2.51	0.000143386
2.52	0.000186401
2.53	0.000143386
2.54	0.000143386
2.55	0.000129047
2.56	7.16928e-005
2.57	8.60314e-005
2.58	0.000114708
2.59	0.000157724
2.6	0.00010037
2.61	0.000157724
2.62	0.000172063
2.63	8.60314e-005
2.64	0.000129047
2.65	0.000172063
2.66	7.16928e-005
2.67	0.000114708
2.68	0.000143386
2.69	0.000172063
2.7	0.00010037
2.71	0.000129047
2.72	0.000143386
2.73	0.00010037
2.74	0.000172063
2.75	0.000129047
2.76	0.00010037
2.77	0.00010037
2.78	0.000172063
2.79	0.000215078
2.8	0.000172063
2.81	0.00020074
2.82	0.000143386
2.83	0.000143386
2.84	8.60314e-005
2.85	0.000143386
2.86	0.00010037
2.87	0.000157724
2.88	0.000157724
2.89	0.000186401
2.9	0.000229417
2.91	0.000157724
2.92	0.000143386
2.93	0.00020074
2.94	8.60314e-005
2.95	0.000129047
2.96	0.00010037
2.97	0.000129047
2.98	0.000114708
2.99	0.00020074
3	0.000172063
3.01	0.000157724
3.02	0.000186401
3.03	0.000215078
3.04	5.73542e-005
3.05	0.00020074
3.06	0.000172063
3.07	0.000114708
3.08	0.00010037
3.09	0.000157724
3.1	0.000172063
3.11	0.000143386
3.12	0.000143386
3.13	0.000114708
3.14	0.000114708
3.15	0.000157724
3.16	0.000129047
3.17	0.000215078
3.18	0.000286771
3.19	0.00010037
3.2	0.000114708
3.21	0.000172063
3.22	0.000114708
3.23	0.000157724
3.24	0.000172063
3.25	0.000157724
3.26	0.000243756
3.27	0.00020074
3.28	0.000186401
3.29	0.00020074
3.3	0.000157724
3.31	0.000186401
3.32	0.000286771
3.33	0.000172063
3.34	0.000143386
3.35	0.000186401
3.36	0.00010037
3.37	0.000229417
3.38	0.000215078
3.39	0.000272433
3.4	0.000157724
3.41	0.00020074
3.42	0.000129047
3.43	0.000186401
3.44	0.000258094
3.45	0.000243756
3.46	0.000157724
3.47	0.000186401
3.48	0.000143386
3.49	0.00020074
3.5	0.000258094
3.51	0.000186401
3.52	8.60314e-005
3.53	0.000143386
3.54	0.000129047
3.55	0.000157724
3.56	0.00020074
3.57	0.000157724
3.58	0.000215078
3.59	0.00010037
3.6	0.000329787
3.61	0.000286771
3.62	0.000215078
3.63	0.000129047
3.64	0.000186401
3.65	0.00020074
3.66	0.000243756
3.67	0.000114708
3.68	0.000215078
3.69	0.000186401
3.7	0.000258094
3.71	0.000258094
3.72	0.00030111
3.73	0.00030111
3.74	0.000229417
3.75	0.000143386
3.76	0.000186401
3.77	0.00030111
3.78	0.000272433
3.79	0.000186401
3.8	0.000215078
3.81	0.000258094
3.82	0.000258094
3.83	0.000286771
3.84	0.00020074
3.85	0.000172063
3.86	0.00020074
3.87	0.000143386
3.88	0.000272433
3.89	0.000229417
3.9	0.000315448
3.91	0.000157724
3.92	0.000587881
3.93	0.000229417
3.94	0.000272433
3.95	0.000286771
3.96	0.000358464
3.97	0.000272433
3.98	0.000315448
3.99	0.000258094
4	0.000243756
4.01	0.000157724
4.02	0.000143386
4.03	0.000329787
4.04	0.00030111
4.05	0.000344125
4.06	0.000172063
4.07	0.000315448
4.08	0.000286771
4.09	0.000157724
4.1	0.000358464
4.11	0.000215078
4.12	0.000229417
4.13	0.000315448
4.14	0.000258094
4.15	0.000172063
4.16	0.000286771
4.17	0.000358464
4.18	0.00030111
4.19	0.000243756
4.2	0.000186401
4.21	0.000315448
4.22	0.000186401
4.23	0.000243756
4.24	0.00030111
4.25	0.000172063
4.26	0.000229417
4.27	0.000358464
4.28	0.000243756
4.29	0.000286771
4.3	0.000258094
4.31	0.000258094
4.32	0.000258094
4.33	0.000229417
4.34	0.000229417
4.35	0.000272433
4.36	0.000258094
4.37	0.000272433
4.38	0.00030111
4.39	0.000286771
4.4	0.000272433
4.41	0.000286771
4.42	0.000229417
4.43	0.000172063
4.44	0.000315448
4.45	0.000458834
4.46	0.000258094
4.47	0.000286771
4.48	0.000358464
4.49	0.00030111
4.5	0.000272433
4.51	0.000286771
4.52	0.000286771
4.53	0.000243756
4.54	0.00030111
4.55	0.000258094
4.56	0.000258094
4.57	0.000458834
4.58	0.000229417
4.59	0.000372803
4.6	0.000315448
4.61	0.000243756
4.62	0.000229417
4.63	0.00030111
4.64	0.000344125
4.65	0.000272433
4.66	0.000329787
4.67	0.000315448
4.68	0.00030111
4.69	0.000186401
4.7	0.000229417
4.71	0.000329787
4.72	0.000258094
4.73	0.00020074
4.74	0.000243756
4.75	0.000258094
4.76	0.00030111
4.77	0.000315448
4.78	0.000258094
4.79	0.000415818
4.8	0.00040148
4.81	0.000544865
4.82	0.000329787
4.83	0.000358464
4.84	0.000358464
4.85	0.000286771
4.86	0.000329787
4.87	0.000315448
4.88	0.000329787
4.89	0.000258094
4.9	0.000372803
4.91	0.000444495
4.92	0.000372803
4.93	0.000387141
4.94	0.000315448
4.95	0.000286771
4.96	0.000272433
4.97	0.00030111
4.98	0.000372803
4.99	0.000329787
5	0.000387141
5.01	0.000315448
5.02	0.00030111
5.03	0.000458834
5.04	0.000215078
5.05	0.00040148
5.06	0.00030111
5.07	0.000344125
5.08	0.000315448
5.09	0.00030111
5.1	0.00050185
5.11	0.000272433
5.12	0.000286771
5.13	0.000387141
5.14	0.000358464
5.15	0.000487511
5.16	0.000372803
5.17	0.000372803
5.18	0.000344125
5.19	0.000215078
5.2	0.000229417
5.21	0.000344125
5.22	0.000372803
5.23	0.000415818
5.24	0.000243756
5.25	0.000458834
5.26	0.000243756
5.27	0.000372803
5.28	0.000344125
5.29	0.000430157
5.3	0.000315448
5.31	0.000243756
5.32	0.000415818
5.33	0.00050185
5.34	0.000272433
5.35	0.000329787
5.36	0.000387141
5.37	0.000315448
5.38	0.000286771
5.39	0.00040148
5.4	0.000329787
5.41	0.000315448
5.42	0.000516188
5.43	0.000315448
5.44	0.000286771
5.45	0.000415818
5.46	0.000286771
5.47	0.000329787
5.48	0.00040148
5.49	0.000516188
5.5	0.000372803
5.51	0.000444495
5.52	0.00020074
5.53	0.00040148
5.54	0.000272433
5.55	0.000544865
5.56	0.000415818
5.57	0.000329787
5.58	0.000415818
5.59	0.000344125
5.6	0.00030111
5.61	0.000387141
5.62	0.000444495
5.63	0.00030111
5.64	0.000387141
5.65	0.000272433
5.66	0.00040148
5.67	0.000473173
5.68	0.00050185
5.69	0.000458834
5.7	0.000358464
5.71	0.00040148
5.72	0.000272433
5.73	0.000387141
5.74	0.000473173
5.75	0.00040148
5.76	0.000372803
5.77	0.000286771
5.78	0.000329787
5.79	0.000344125
5.8	0.000645235
5.81	0.00040148
5.82	0.000286771
5.83	0.000430157
5.84	0.000415818
5.85	0.000544865
5.86	0.000387141
5.87	0.000458834
5.88	0.000415818
5.89	0.000372803
5.9	0.000573542
5.91	0.000458834
5.92	0.000344125
5.93	0.000387141
5.94	0.000458834
5.95	0.000272433
5.96	0.000487511
5.97	0.000258094
5.98	0.000430157
5.99	0.000516188
6	0.000444495
6.01	0.000315448
6.02	0.000473173
6.03	0.000387141
6.04	0.000530527
6.05	0.000415818
6.06	0.000458834
6.07	0.000458834
6.08	0.000544865
6.09	0.00060222
6.1	0.000458834
6.11	0.000458834
6.12	0.000329787
6.13	0.000358464
6.14	0.00050185
6.15	0.000544865
6.16	0.000573542
6.17	0.000616558
6.18	0.000315448
6.19	0.000430157
6.2	0.00040148
6.21	0.000372803
6.22	0.000430157
6.23	0.000473173
6.24	0.000487511
6.25	0.000516188
6.26	0.000430157
6.27	0.000559204
6.28	0.00040148
6.29	0.000444495
6.3	0.000473173
6.31	0.000415818
6.32	0.00050185
6.33	0.000530527
6.34	0.000559204
6.35	0.000415818
6.36	0.00040148
6.37	0.000530527
6.38	0.000444495
6.39	0.000415818
6.4	0.000430157
6.41	0.000344125
6.42	0.000372803
6.43	0.000573542
6.44	0.000444495
6.45	0.000473173
6.46	0.000415818
6.47	0.000587881
6.48	0.000444495
6.49	0.000444495
6.5	0.000587881
6.51	0.000415818
6.52	0.00050185
6.53	0.000372803
6.54	0.000544865
6.55	0.000444495
6.56	0.000616558
6.57	0.000544865
6.58	0.000573542
6.59	0.000487511
6.6	0.000659574
6.61	0.000387141
6.62	0.00040148
6.63	0.000387141
6.64	0.000544865
6.65	0.00050185
6.66	0.000516188
6.67	0.000444495
6.68	0.000716928
6.69	0.00060222
6.7	0.000516188
6.71	0.00050185
6.72	0.000587881
6.73	0.00060222
6.74	0.000473173
6.75	0.000587881
6.76	0.000473173
6.77	0.000473173
6.78	0.000573542
6.79	0.000616558
6.8	0.000559204
6.81	0.000544865
6.82	0.000387141
6.83	0.000659574
6.84	0.000473173
6.85	0.000659574
6.86	0.000430157
6.87	0.000387141
6.88	0.000430157
6.89	0.000616558
6.9	0.000415818
6.91	0.00050185
6.92	0.00050185
6.93	0.000544865
6.94	0.00050185
6.95	0.000587881
6.96	0.000430157
6.97	0.000544865
6.98	0.000559204
6.99	0.000645235
7	0.000530527
7.01	0.000688251
7.02	0.000430157
7.03	0.000516188
7.04	0.00040148
7.05	0.000587881
7.06	0.000444495
7.07	0.000573542
7.08	0.000458834
7.09	0.000573542
7.1	0.000587881
7.11	0.000473173
7.12	0.000430157
7.13	0.00050185
7.14	0.000573542
7.15	0.000444495
7.16	0.000530527
7.17	0.000573542
7.18	0.000444495
7.19	0.000530527
7.2	0.000573542
7.21	0.000473173
7.22	0.000458834
7.23	0.000487511
7.24	0.000544865
7.25	0.000645235
7.26	0.000473173
7.27	0.000559204
7.28	0.000530527
7.29	0.000530527
7.3	0.000430157
7.31	0.000487511
7.32	0.000516188
7.33	0.000645235
7.34	0.000444495
7.35	0.000645235
7.36	0.000530527
7.37	0.000587881
7.38	0.000616558
7.39	0.000559204
7.4	0.00060222
7.41	0.000487511
7.42	0.000516188
7.43	0.000616558
7.44	0.000559204
7.45	0.000587881
7.46	0.000473173
7.47	0.000616558
7.48	0.000530527
7.49	0.00060222
7.5	0.000802959
7.51	0.000673912
7.52	0.000530527
7.53	0.000731267
7.54	0.000587881
7.55	0.000630897
7.56	0.000616558
7.57	0.000630897
7.58	0.000645235
7.59	0.000573542
7.6	0.000530527
7.61	0.000544865
7.62	0.000458834
7.63	0.000573542
7.64	0.00060222
7.65	0.00060222
7.66	0.000759944
7.67	0.000673912
7.68	0.000616558
7.69	0.000573542
7.7	0.00070259
7.71	0.00060222
7.72	0.000630897
7.73	0.000559204
7.74	0.000473173
7.75	0.000444495
7.76	0.000587881
7.77	0.000430157
7.78	0.000630897
7.79	0.00070259
7.8	0.000774282
7.81	0.000544865
7.82	0.000530527
7.83	0.000530527
7.84	0.000688251
7.85	0.000659574
7.86	0.000573542
7.87	0.000530527
7.88	0.000587881
7.89	0.000544865
7.9	0.000544865
7.91	0.000659574
7.92	0.000573542
7.93	0.000759944
7.94	0.000530527
7.95	0.000559204
7.96	0.000516188
7.97	0.000673912
7.98	0.000544865
7.99	0.000530527
8	0.000616558
8.01	0.000731267
8.02	0.000659574
8.03	0.000616558
8.04	0.000759944
8.05	0.000673912
8.06	0.000630897
8.07	0.000516188
8.08	0.000544865
8.09	0.000788621
8.1	0.000788621
8.11	0.000616558
8.12	0.000430157
8.13	0.000473173
8.14	0.000616558
8.15	0.000731267
8.16	0.000932007
8.17	0.000716928
8.18	0.000688251
8.19	0.000716928
8.2	0.000731267
8.21	0.00050185
8.22	0.000473173
8.23	0.000645235
8.24	0.000544865
8.25	0.000630897
8.26	0.00050185
8.27	0.000759944
8.28	0.000559204
8.29	0.000444495
8.3	0.000645235
8.31	0.000673912
8.32	0.000473173
8.33	0.000587881
8.34	0.000659574
8.35	0.000645235
8.36	0.000587881
8.37	0.000745605
8.38	0.000630897
8.39	0.000874652
8.4	0.000688251
8.41	0.000587881
8.42	0.000516188
8.43	0.000587881
8.44	0.000673912
8.45	0.00070259
8.46	0.000716928
8.47	0.000616558
8.48	0.000673912
8.49	0.00050185
8.5	0.000759944
8.51	0.000673912
8.52	0.000673912
8.53	0.00060222
8.54	0.000860314
8.55	0.000616558
8.56	0.000616558
8.57	0.00104672
8.58	0.000659574
8.59	0.000731267
8.6	0.000688251
8.61	0.000673912
8.62	0.00050185
8.63	0.000630897
8.64	0.000860314
8.65	0.000745605
8.66	0.000616558
8.67	0.000845975
8.68	0.000788621
8.69	0.000788621
8.7	0.000616558
8.71	0.000774282
8.72	0.000688251
8.73	0.000630897
8.74	0.000802959
8.75	0.000731267
8.76	0.000573542
8.77	0.000544865
8.78	0.000645235
8.79	0.000788621
8.8	0.000673912
8.81	0.000573542
8.82	0.000587881
8.83	0.000874652
8.84	0.000630897
8.85	0.000573542
8.86	0.000559204
8.87	0.00060222
8.88	0.000831637
8.89	0.00060222
8.9	0.000630897
8.91	0.000874652
8.92	0.000688251
8.93	0.00060222
8.94	0.000587881
8.95	0.000845975
8.96	0.000516188
8.97	0.000745605
8.98	0.00070259
8.99	0.000659574
9	0.000645235
9.01	0.000688251
9.02	0.000759944
9.03	0.000860314
9.04	0.000860314
9.05	0.000673912
9.06	0.000559204
9.07	0.000688251
9.08	0.000831637
9.09	0.000759944
9.1	0.000688251
9.11	0.000774282
9.12	0.000845975
9.13	0.000831637
9.14	0.000688251
9.15	0.000759944
9.16	0.000817298
9.17	0.000473173
9.18	0.000788621
9.19	0.000688251
9.2	0.000860314
9.21	0.000616558
9.22	0.000530527
9.23	0.000975022
9.24	0.000630897
9.25	0.000573542
9.26	0.000731267
9.27	0.000774282
9.28	0.000659574
9.29	0.000630897
9.3	0.000731267
9.31	0.000917668
9.32	0.000745605
9.33	0.000745605
9.34	0.00070259
9.35	0.000559204
9.36	0.000688251
9.37	0.000860314
9.38	0.000817298
9.39	0.000788621
9.4	0.000759944
9.41	0.000989361
9.42	0.000673912
9.43	0.000874652
9.44	0.000759944
9.45	0.000673912
9.46	0.000716928
9.47	0.000688251
9.48	0.000731267
9.49	0.000802959
9.5	0.000975022
9.51	0.000659574
9.52	0.00070259
9.53	0.00070259
9.54	0.00106105
9.55	0.00060222
9.56	0.000688251
9.57	0.000673912
9.58	0.00070259
9.59	0.000616558
9.6	0.000860314
9.61	0.000645235
9.62	0.000544865
9.63	0.000888991
9.64	0.000774282
9.65	0.000788621
9.66	0.000745605
9.67	0.000831637
9.68	0.000817298
9.69	0.000774282
9.7	0.000716928
9.71	0.000731267
9.72	0.000817298
9.73	0.000745605
9.74	0.000716928
9.75	0.000788621
9.76	0.000845975
9.77	0.000759944
9.78	0.000845975
9.79	0.000759944
9.8	0.000802959
9.81	0.000759944
9.82	0.000788621
9.83	0.000874652
9.84	0.000673912
9.85	0.000874652
9.86	0.00070259
9.87	0.000788621
9.88	0.000716928
9.89	0.000688251
9.9	0.00070259
9.91	0.000788621
9.92	0.000544865
9.93	0.000645235
9.94	0.000516188
9.95	0.000759944
9.96	0.000774282
9.97	0.000817298
9.98	0.000731267
9.99	0.000688251
10	0.000874652
10.01	0.000860314
10.02	0.000932007
10.03	0.000874652
10.04	0.000845975
10.05	0.000630897
10.06	0.000688251
10.07	0.00103238
10.08	0.000716928
10.09	0.000616558
10.1	0.000917668
10.11	0.000716928
10.12	0.000917668
10.13	0.000831637
10.14	0.000888991
10.15	0.000917668
10.16	0.000831637
10.17	0.000745605
10.18	0.000989361
10.19	0.000802959
10.2	0.000975022
10.21	0.000788621
10.22	0.000860314
10.23	0.000559204
10.24	0.000759944
10.25	0.00060222
10.26	0.000817298
10.27	0.000745605
10.28	0.00101804
10.29	0.000845975
10.3	0.000917668
10.31	0.000831637
10.32	0.000745605
10.33	0.000788621
10.34	0.000874652
10.35	0.000817298
10.36	0.000903329
10.37	0.000831637
10.38	0.000659574
10.39	0.000845975
10.4	0.000659574
10.41	0.000932007
10.42	0.000960684
10.43	0.000888991
10.44	0.000731267
10.45	0.000845975
10.46	0.000817298
10.47	0.00101804
10.48	0.00104672
10.49	0.000874652
10.5	0.000688251
10.51	0.000903329
10.52	0.000888991
10.53	0.000903329
10.54	0.000774282
10.55	0.000903329
10.56	0.000759944
10.57	0.000845975
10.58	0.00104672
10.59	0.00070259
10.6	0.00108973
10.61	0.000817298
10.62	0.000774282
10.63	0.000888991
10.64	0.000716928
10.65	0.000817298
10.66	0.000888991
10.67	0.000774282
10.68	0.000917668
10.69	0.000946345
10.7	0.000745605
10.71	0.000888991
10.72	0.000917668
10.73	0.000688251
10.74	0.000630897
10.75	0.000903329
10.76	0.000788621
10.77	0.000759944
10.78	0.000831637
10.79	0.000731267
10.8	0.000788621
10.81	0.000745605
10.82	0.00111841
10.83	0.00060222
10.84	0.000630897
10.85	0.0010037
10.86	0.000831637
10.87	0.00070259
10.88	0.00101804
10.89	0.000845975
10.9	0.00108973
10.91	0.000673912
10.92	0.000888991
10.93	0.000802959
10.94	0.000802959
10.95	0.000759944
10.96	0.000831637
10.97	0.000960684
10.98	0.00070259
10.99	0.000831637
11	0.000759944
11.01	0.000903329
11.02	0.000903329
11.03	0.000716928
11.04	0.000802959
11.05	0.000874652
11.06	0.000759944
11.07	0.000831637
11.08	0.000932007
11.09	0.000874652
11.1	0.000774282
11.11	0.000946345
11.12	0.000932007
11.13	0.000860314
11.14	0.000731267
11.15	0.000817298
11.16	0.000932007
11.17	0.000716928
11.18	0.000788621
11.19	0.000802959
11.2	0.000673912
11.21	0.000831637
11.22	0.000645235
11.23	0.000817298
11.24	0.000946345
11.25	0.000989361
11.26	0.00103238
11.27	0.000932007
11.28	0.000831637
11.29	0.000989361
11.3	0.000774282
11.31	0.000845975
11.32	0.000845975
11.33	0.000960684
11.34	0.00101804
11.35	0.00101804
11.36	0.000960684
11.37	0.000932007
11.38	0.000845975
11.39	0.000975022
11.4	0.000688251
11.41	0.00114708
11.42	0.000745605
11.43	0.00114708
11.44	0.000788621
11.45	0.000975022
11.46	0.000860314
11.47	0.000888991
11.48	0.000946345
11.49	0.000716928
11.5	0.000888991
11.51	0.000788621
11.52	0.000788621
11.53	0.000903329
11.54	0.000989361
11.55	0.000874652
11.56	0.000802959
11.57	0.000888991
11.58	0.000845975
11.59	0.000774282
11.6	0.000946345
11.61	0.000903329
11.62	0.00103238
11.63	0.000888991
11.64	0.000831637
11.65	0.000817298
11.66	0.000802959
11.67	0.000874652
11.68	0.000960684
11.69	0.000860314
11.7	0.000817298
11.71	0.000888991
11.72	0.00106105
11.73	0.000759944
11.74	0.00114708
11.75	0.000888991
11.76	0.000831637
11.77	0.000845975
11.78	0.000745605
11.79	0.000688251
11.8	0.000989361
11.81	0.00108973
11.82	0.00101804
11.83	0.000860314
11.84	0.000831637
11.85	0.000888991
11.86	0.000989361
11.87	0.000975022
11.88	0.000788621
11.89	0.000932007
11.9	0.000788621
11.91	0.00070259
11.92	0.00107539
11.93	0.00111841
11.94	0.000917668
11.95	0.000989361
11.96	0.000845975
11.97	0.000817298
11.98	0.000946345
11.99	0.00106105
12	0.000788621
12.01	0.000888991
12.02	0.000903329
12.03	0.000888991
12.04	0.000645235
12.05	0.000788621
12.06	0.000874652
12.07	0.000788621
12.08	0.000874652
12.09	0.000903329
12.1	0.000946345
12.11	0.000903329
12.12	0.00104672
12.13	0.000845975
12.14	0.000975022
12.15	0.000745605
12.16	0.000932007
12.17	0.000716928
12.18	0.0010037
12.19	0.000975022
12.2	0.00103238
12.21	0.000874652
12.22	0.000960684
12.23	0.000659574
12.24	0.00101804
12.25	0.000960684
12.26	0.000960684
12.27	0.000802959
12.28	0.000731267
12.29	0.000731267
12.3	0.0010037
12.31	0.000960684
12.32	0.000946345
12.33	0.000874652
12.34	0.000975022
12.35	0.000874652
12.36	0.000888991
12.37	0.000903329
12.38	0.00104672
12.39	0.000975022
12.4	0.000975022
12.41	0.000975022
12.42	0.0010037
12.43	0.000903329
12.44	0.000975022
12.45	0.00104672
12.46	0.000831637
12.47	0.000716928
12.48	0.000975022
12.49	0.000903329
12.5	0.00104672
12.51	0.00103238
12.52	0.000989361
12.53	0.000874652
12.54	0.000788621
12.55	0.000903329
12.56	0.000888991
12.57	0.000831637
12.58	0.000860314
12.59	0.000831637
12.6	0.000946345
12.61	0.000917668
12.62	0.000860314
12.63	0.000860314
12.64	0.000874652
12.65	0.000817298
12.66	0.000802959
12.67	0.00106105
12.68	0.000932007
12.69	0.000946345
12.7	0.000845975
12.71	0.00107539
12.72	0.000860314
12.73	0.000817298
12.74	0.000774282
12.75	0.000802959
12.76	0.000888991
12.77	0.000831637
12.78	0.00104672
12.79	0.000989361
12.8	0.000888991
12.81	0.00103238
12.82	0.000888991
12.83	0.000745605
12.84	0.000759944
12.85	0.00110407
12.86	0.000917668
12.87	0.000831637
12.88	0.00110407
12.89	0.000860314
12.9	0.000860314
12.91	0.000888991
12.92	0.000845975
12.93	0.000903329
12.94	0.000831637
12.95	0.000845975
12.96	0.000688251
12.97	0.000874652
12.98	0.000874652
12.99	0.000774282
13	0.000975022
13.01	0.000759944
13.02	0.000960684
13.03	0.000932007
13.04	0.000989361
13.05	0.0010037
13.06	0.000874652
13.07	0.000874652
13.08	0.00104672
13.09	0.000659574
13.1	0.000817298
13.11	0.000759944
13.12	0.000874652
13.13	0.000903329
13.14	0.000989361
13.15	0.000946345
13.16	0.000673912
13.17	0.000903329
13.18	0.000903329
13.19	0.000788621
13.2	0.000903329
13.21	0.000831637
13.22	0.000989361
13.23	0.000975022
13.24	0.000817298
13.25	0.000831637
13.26	0.000716928
13.27	0.000903329
13.28	0.000903329
13.29	0.000946345
13.3	0.0010037
13.31	0.000817298
13.32	0.000888991
13.33	0.000860314
13.34	0.00106105
13.35	0.000831637
13.36	0.00107539
13.37	0.000917668
13.38	0.00101804
13.39	0.000831637
13.4	0.000960684
13.41	0.000874652
13.42	0.000888991
13.43	0.000774282
13.44	0.000745605
13.45	0.00104672
13.46	0.000946345
13.47	0.000802959
13.48	0.00107539
13.49	0.000788621
13.5	0.000745605
13.51	0.000817298
13.52	0.000874652
13.53	0.000688251
13.54	0.000788621
13.55	0.0010037
13.56	0.000817298
13.57	0.000975022
13.58	0.000802959
13.59	0.000845975
13.6	0.000759944
13.61	0.00104672
13.62	0.000917668
13.63	0.000774282
13.64	0.000860314
13.65	0.000802959
13.66	0.000989361
13.67	0.00070259
13.68	0.000659574
13.69	0.000860314
13.7	0.000960684
13.71	0.000888991
13.72	0.000817298
13.73	0.000845975
13.74	0.000903329
13.75	0.000860314
13.76	0.000817298
13.77	0.000960684
13.78	0.000731267
13.79	0.000903329
13.8	0.00107539
13.81	0.000874652
13.82	0.000802959
13.83	0.000673912
13.84	0.000903329
13.85	0.000860314
13.86	0.000888991
13.87	0.000731267
13.88	0.000932007
13.89	0.000860314
13.9	0.000745605
13.91	0.00070259
13.92	0.000845975
13.93	0.000817298
13.94	0.000831637
13.95	0.000888991
13.96	0.000759944
13.97	0.000759944
13.98	0.000745605
13.99	0.000759944
14	0.000788621
14.01	0.000745605
14.02	0.000659574
14.03	0.000802959
14.04	0.00070259
14.05	0.000745605
14.06	0.000759944
14.07	0.000845975
14.08	0.000917668
14.09	0.000774282
14.1	0.000960684
14.11	0.000860314
14.12	0.000745605
14.13	0.000845975
14.14	0.000989361
14.15	0.000788621
14.16	0.000903329
14.17	0.000903329
14.18	0.000860314
14.19	0.000745605
14.2	0.000716928
14.21	0.000888991
14.22	0.000845975
14.23	0.000802959
14.24	0.000989361
14.25	0.000860314
14.26	0.000917668
14.27	0.000788621
14.28	0.000831637
14.29	0.000802959
14.3	0.000788621
14.31	0.000845975
14.32	0.000645235
14.33	0.000888991
14.34	0.000903329
14.35	0.000860314
14.36	0.000860314
14.37	0.00070259
14.38	0.000817298
14.39	0.000745605
14.4	0.000960684
14.41	0.00103238
14.42	0.000903329
14.43	0.000759944
14.44	0.000716928
14.45	0.00070259
14.46	0.000759944
14.47	0.000659574
14.48	0.000960684
14.49	0.000888991
14.5	0.000731267
14.51	0.000960684
14.52	0.00107539
14.53	0.000745605
14.54	0.00101804
14.55	0.000802959
14.56	0.000888991
14.57	0.000860314
14.58	0.000903329
14.59	0.000745605
14.6	0.000731267
14.61	0.000745605
14.62	0.0010037
14.63	0.000774282
14.64	0.000673912
14.65	0.000731267
14.66	0.000845975
14.67	0.000587881
14.68	0.000960684
14.69	0.000860314
14.7	0.000616558
14.71	0.000731267
14.72	0.000774282
14.73	0.000673912
14.74	0.000860314
14.75	0.000845975
14.76	0.000731267
14.77	0.000802959
14.78	0.000831637
14.79	0.000788621
14.8	0.000759944
14.81	0.000731267
14.82	0.000860314
14.83	0.000774282
14.84	0.000845975
14.85	0.000673912
14.86	0.000759944
14.87	0.000831637
14.88	0.000659574
14.89	0.000802959
14.9	0.000932007
14.91	0.000788621
14.92	0.000645235
14.93	0.000817298
14.94	0.000860314
14.95	0.000860314
14.96	0.000946345
14.97	0.000659574
14.98	0.000788621
14.99	0.000774282
15	0.000831637
15.01	0.000673912
15.02	0.000673912
15.03	0.000659574
15.04	0.000874652
15.05	0.000774282
15.06	0.000831637
15.07	0.000802959
15.08	0.000874652
15.09	0.000530527
15.1	0.000716928
15.11	0.000745605
15.12	0.00060222
15.13	0.000731267
15.14	0.00070259
15.15	0.000587881
15.16	0.000731267
15.17	0.000731267
15.18	0.000831637
15.19	0.000831637
15.2	0.000645235
15.21	0.000802959
15.22	0.000917668
15.23	0.000645235
15.24	0.000774282
15.25	0.000788621
15.26	0.000774282
15.27	0.000802959
15.28	0.000616558
15.29	0.000616558
15.3	0.000630897
15.31	0.000630897
15.32	0.000860314
15.33	0.000946345
15.34	0.000630897
15.35	0.000731267
15.36	0.000745605
15.37	0.000817298
15.38	0.000932007
15.39	0.000530527
15.4	0.000831637
15.41	0.000559204
15.42	0.000759944
15.43	0.000774282
15.44	0.000630897
15.45	0.000731267
15.46	0.000544865
15.47	0.000860314
15.48	0.000659574
15.49	0.000788621
15.5	0.00070259
15.51	0.000659574
15.52	0.000731267
15.53	0.000788621
15.54	0.000831637
15.55	0.000802959
15.56	0.000587881
15.57	0.000688251
15.58	0.00070259
15.59	0.000616558
15.6	0.000645235
15.61	0.000774282
15.62	0.000802959
15.63	0.000845975
15.64	0.000673912
15.65	0.000759944
15.66	0.000630897
15.67	0.000788621
15.68	0.000716928
15.69	0.000903329
15.7	0.000673912
15.71	0.000630897
15.72	0.000874652
15.73	0.000659574
15.74	0.000516188
15.75	0.000630897
15.76	0.000645235
15.77	0.000716928
15.78	0.000630897
15.79	0.000774282
15.8	0.000673912
15.81	0.000645235
15.82	0.000745605
15.83	0.00060222
15.84	0.000645235
15.85	0.000458834
15.86	0.000745605
15.87	0.000659574
15.88	0.000616558
15.89	0.000573542
15.9	0.000831637
15.91	0.000573542
15.92	0.000688251
15.93	0.000860314
15.94	0.000802959
15.95	0.000530527
15.96	0.000716928
15.97	0.000645235
15.98	0.00070259
15.99	0.000487511
16	0.000917668
16.01	0.00060222
16.02	0.000616558
16.03	0.000630897
16.04	0.000458834
16.05	0.00050185
16.06	0.000587881
16.07	0.000659574
16.08	0.000759944
16.09	0.000530527
16.1	0.000645235
16.11	0.00070259
16.12	0.000516188
16.13	0.000616558
16.14	0.000559204
16.15	0.000544865
16.16	0.00070259
16.17	0.000673912
16.18	0.000573542
16.19	0.000544865
16.2	0.000673912
16.21	0.000745605
16.22	0.000616558
16.23	0.000616558
16.24	0.000716928
16.25	0.000616558
16.26	0.000559204
16.27	0.000473173
16.28	0.000774282
16.29	0.000716928
16.3	0.000559204
16.31	0.000458834
16.32	0.000688251
16.33	0.000731267
16.34	0.000487511
16.35	0.000788621
16.36	0.00070259
16.37	0.000673912
16.38	0.000716928
16.39	0.000559204
16.4	0.000716928
16.41	0.000759944
16.42	0.000688251
16.43	0.000530527
16.44	0.000745605
16.45	0.00070259
16.46	0.000774282
16.47	0.000673912
16.48	0.000616558
16.49	0.000688251
16.5	0.000616558
16.51	0.000616558
16.52	0.000587881
16.53	0.00060222
16.54	0.00060222
16.55	0.000387141
16.56	0.000372803
16.57	0.000516188
16.58	0.000559204
16.59	0.000587881
16.6	0.00040148
16.61	0.000616558
16.62	0.000473173
16.63	0.000544865
16.64	0.000473173
16.65	0.000645235
16.66	0.000645235
16.67	0.00060222
16.68	0.000544865
16.69	0.00050185
16.7	0.000630897
16.71	0.000587881
16.72	0.000516188
16.73	0.00060222
16.74	0.000573542
16.75	0.000329787
16.76	0.00050185
16.77	0.000487511
16.78	0.000616558
16.79	0.000616558
16.8	0.000645235
16.81	0.000745605
16.82	0.000802959
16.83	0.000716928
16.84	0.000430157
16.85	0.00050185
16.86	0.000716928
16.87	0.000516188
16.88	0.00050185
16.89	0.000673912
16.9	0.00060222
16.91	0.000659574
16.92	0.000473173
16.93	0.000458834
16.94	0.00060222
16.95	0.000573542
16.96	0.000516188
16.97	0.000444495
16.98	0.000587881
16.99	0.000530527
17	0.000616558
17.01	0.000559204
17.02	0.00040148
17.03	0.000473173
17.04	0.000587881
17.05	0.000659574
17.06	0.000659574
17.07	0.000559204
17.08	0.000544865
17.09	0.000487511
17.1	0.000630897
17.11	0.000616558
17.12	0.00060222
17.13	0.000544865
17.14	0.000587881
17.15	0.000616558
17.16	0.000473173
17.17	0.00060222
17.18	0.000458834
17.19	0.000530527
17.2	0.000616558
17.21	0.00060222
17.22	0.00040148
17.23	0.000559204
17.24	0.000573542
17.25	0.000430157
17.26	0.00050185
17.27	0.000544865
17.28	0.000544865
17.29	0.000430157
17.3	0.000530527
17.31	0.000573542
17.32	0.000458834
17.33	0.000473173
17.34	0.000415818
17.35	0.000516188
17.36	0.000444495
17.37	0.000544865
17.38	0.000444495
17.39	0.000358464
17.4	0.000573542
17.41	0.00070259
17.42	0.000487511
17.43	0.000559204
17.44	0.000387141
17.45	0.000573542
17.46	0.000430157
17.47	0.000415818
17.48	0.000559204
17.49	0.000473173
17.5	0.000573542
17.51	0.00050185
17.52	0.000673912
17.53	0.00040148
17.54	0.000544865
17.55	0.000444495
17.56	0.000473173
17.57	0.000587881
17.58	0.000444495
17.59	0.00050185
17.6	0.000344125
17.61	0.000415818
17.62	0.000473173
17.63	0.000444495
17.64	0.000473173
17.65	0.000587881
17.66	0.000458834
17.67	0.000616558
17.68	0.000458834
17.69	0.000344125
17.7	0.000616558
17.71	0.00060222
17.72	0.000458834
17.73	0.000645235
17.74	0.000516188
17.75	0.000444495
17.76	0.000415818
17.77	0.000444495
17.78	0.00050185
17.79	0.000473173
17.8	0.000344125
17.81	0.000587881
17.82	0.000329787
17.83	0.000516188
17.84	0.00040148
17.85	0.000358464
17.86	0.00060222
17.87	0.00050185
17.88	0.00060222
17.89	0.000473173
17.9	0.000315448
17.91	0.000415818
17.92	0.000559204
17.93	0.000444495
17.94	0.000344125
17.95	0.000458834
17.96	0.000587881
17.97	0.000487511
17.98	0.000372803
17.99	0.000358464
18	0.000516188
18.01	0.000673912
18.02	0.00040148
18.03	0.000487511
18.04	0.000358464
18.05	0.000358464
18.06	0.000530527
18.07	0.00040148
18.08	0.000530527
18.09	0.000473173
18.1	0.00050185
18.11	0.00040148
18.12	0.00050185
18.13	0.000473173
18.14	0.000487511
18.15	0.000387141
18.16	0.000444495
18.17	0.000444495
18.18	0.000358464
18.19	0.00040148
18.2	0.000530527
18.21	0.000516188
18.22	0.000444495
18.23	0.000487511
18.24	0.000358464
18.25	0.000430157
18.26	0.000544865
18.27	0.000372803
18.28	0.000286771
18.29	0.000387141
18.3	0.000444495
18.31	0.000530527
18.32	0.000329787
18.33	0.000315448
18.34	0.000329787
18.35	0.000573542
18.36	0.00040148
18.37	0.000430157
18.38	0.000358464
18.39	0.000372803
18.4	0.000473173
18.41	0.000215078
18.42	0.000430157
18.43	0.000487511
18.44	0.000358464
18.45	0.000444495
18.46	0.000372803
18.47	0.000372803
18.48	0.000387141
18.49	0.000473173
18.5	0.000229417
18.51	0.000344125
18.52	0.000415818
18.53	0.000430157
18.54	0.00030111
18.55	0.000430157
18.56	0.000430157
18.57	0.000344125
18.58	0.000458834
18.59	0.000387141
18.6	0.000358464
18.61	0.000329787
18.62	0.000329787
18.63	0.000415818
18.64	0.000344125
18.65	0.000315448
18.66	0.000372803
18.67	0.000530527
18.68	0.00040148
18.69	0.000315448
18.7	0.000229417
18.71	0.000415818
18.72	0.000372803
18.73	0.000358464
18.74	0.000315448
18.75	0.000243756
18.76	0.000329787
18.77	0.000229417
18.78	0.000172063
18.79	0.000358464
18.8	0.00030111
18.81	0.00030111
18.82	0.000272433
18.83	0.000229417
18.84	0.00030111
18.85	0.000258094
18.86	0.00030111
18.87	0.000286771
18.88	0.000272433
18.89	0.000286771
18.9	0.000329787
18.91	0.000143386
18.92	0.000243756
18.93	0.000329787
18.94	0.000172063
18.95	0.000114708
18.96	0.000129047
18.97	0.000157724
18.98	2.86771e-005
18.99	2.86771e-005
19	0
